R=5.00000 O=31.41593 P=78.53982
R=3.00000 H=4.00000 P=131.94689 V=113.09734
Neispravan faktor skaliranja